BC      = box
Re      = 1e9
L       = 0.00005
H       = 0.00020
N1      = 100
N2      = 400
d_t     = 0.0000125
Nn      = 120
rho     = 3.0
shape   = 0
r       = 0.0000025
e       = 0.0000004
output_step = 10
Gravity_module = 10.
Gravity_angle  = 0
AddSolids_N = 8
AddSolids_start = 0
AddSolids_interval = 100000000
s_max=20