Re      = 1
L       = 6.283185307179586
H       = 6.283185307179586
N1      = 50
N2      = 50
d_t     = 0.01
Nn      = 200
r       = 0.5
output_step = 10
N_max       = 50000
N_Zeidel    = 500000
Zeidel_eps  = 5e-6
eps_P       = 1e-5
BC = Taylor_Green
AddSolids_N = 0
AddSolids_start = 0
AddSolids_interval = 1000
