BC      = box
Re      = 1000000
L       = 0.00005
H       = 0.0001
N1      = 50
N2      = 100
d_t     = 0.0002
Nn      = 100
rho     = 3.0
r       = 0.000005
output_step = 10
Gravity_module = 10.
Gravity_angle  = 45
AddSolids_N = 1
AddSolids_start = 0
AddSolids_interval = 100000000
s_max=20
