BC      = box
Re      = 1000000
L       = 0.000025
H       = 0.0002
N1      = 25
N2      = 200
d_t     = 0.0002
Nn      = 100
rho     = 3.0
r       = 0.0000025
output_step = 10
Gravity_module = 10.
Gravity_angle  = 45
AddSolids_N = 50
AddSolids_start = 0
AddSolids_interval = 100000000
s_max=20