<par>
Re      = 1000000
L       = 0.005
H       = 0.010
N1      = 50
N2      = 100
d_t     = 2e-4
output_step = 10
BC      = box
Gravity_module = 10
Gravity_angle  = 30
k_u_dist = 4
k_r_dist = 2
k_u_collide = 0
k_r_collide = 1
s_max=20
</par>
<Solids>

<Solid>
   x = 0.002
   y = 0.002
   r = 5.e-4
   e = 0.86602540378443864676372317075294
   shape   = 0
   rho = 1.1
   Nn_r0 = 32
   alpha=45
</Solid>
<Solid>
   x = 0.004
   y = 0.002
   r = 5.e-4
   e = 0.86602540378443864676372317075294
   shape   = 0
   rho = 1.1
   Nn_r0 = 32
   alpha=45
</Solid>

<Solid>
   x = 0.002
   y = 0.004
   r = 5.e-4
   e = 0.86602540378443864676372317075294
   shape   = 0
   rho = 1.5
   Nn_r0 = 32
   alpha=45
</Solid>
<Solid>
   x = 0.004
   y = 0.004
   r = 5.e-4
   e = 0.86602540378443864676372317075294
   shape   = 0
   rho = 1.5
   Nn_r0 = 32
   alpha=45
</Solid>

<Solid>
   x = 0.002
   y = 0.006
   r = 5.e-4
   e = 0.86602540378443864676372317075294
   shape   = 0
   rho = 2.0
   Nn_r0 = 32
   alpha=45
</Solid>
<Solid>
   x = 0.004
   y = 0.006
   r = 5.e-4
   e = 0.86602540378443864676372317075294
   shape   = 0
   rho = 2.0
   Nn_r0 = 32
   alpha=45
</Solid>

<Solid>
   x = 0.002
   y = 0.008
   r = 5.e-4
   e = 0.86602540378443864676372317075294
   shape   = 0
   rho = 3.0
   Nn_r0 = 32
   alpha=45
</Solid>
<Solid>
   x = 0.004
   y = 0.008
   r = 5.e-4
   e = 0.86602540378443864676372317075294
   shape   = 0
   rho = 3.0
   Nn_r0 = 32
   alpha=45
</Solid>
</Solids>