//circle{
   x = 0.000012
   y =        0.0002
   moving = 0
   r = 0.000008
   e = 0.9
   Nn = 1000
   alpha = -45.
   Poiseuille = 0
   rho = 3.0e6
}

//circle{
   x = 0.000038
   y =        0.0002
   moving = 0
   r = 0.000008
   e = 0.9
   Nn = 1000
   alpha = 45.
   Poiseuille = 0
   rho = 3.0e6
}