circle{
   x = 6
   y = 1
   moving = 1
   r = 0.125
   e = 0.0125
   Poiseuille = 0
   shape   = 16
   rho = 1.25
   Nn = 240
   alpha=90
}

//circle{
   x = 0.00002
   y = 0.0001
   moving = 1
   r = 0.00001
   Poiseuille = 0
   rho = 3.0e0
}